1.78
1.65
1.84
1.79
1.92
1.65
1.91
1.87
1.65
1.90
1.84
1.67
1.90
1.92
1.66
1.84
1.85
1.64
1.89
1.71
1.82
1.66
1.93
1.82
1.79
1.94
1.66
1.92
1.72
1.86
1.69
1.90
1.66
1.91
1.80
2.11
1.73
1.87
1.91
1.65
1.87
1.87
1.66
1.87
1.85
1.66
1.88
1.68
1.87
1.73
1.91
1.65
1.86
1.72
1.83
1.69
1.88
1.65
1.92
2.09
2.10
1.74
2.23
1.97
1.93
1.75
2.00
1.70
2.08
1.87
1.88
1.95
2.06
1.98
2.32
1.99
2.03
1.72
1.82
2.18
1.68
1.83
1.76
1.84
1.66
1.88
1.65
1.82
1.69
1.86
1.66
1.96
1.91
1.67
1.87
1.83
1.66
1.91
1.91
1.66
