43.00
42.75
66.64
42.55
43.72
57.58
43.43
42.68
42.94
43.52
59.57
42.59
42.96
42.49
42.99
42.88
43.55
42.67
43.23
42.74
43.55
43.50
44.64
44.36
43.15
43.07
42.82
43.08
44.33
43.14
43.54
42.24
42.98
44.52
42.72
42.96
43.06
50.49
43.31
42.66
43.34
42.72
43.18
42.35
44.01
48.78
48.65
45.78
43.94
43.07
42.77
48.98
42.89
43.30
42.51
43.06
43.17
49.14
42.72
46.93
53.15
43.98
42.68
51.43
51.07
43.94
53.26
44.85
44.17
43.11
43.46
43.49
44.02
44.09
49.39
43.37
42.99
43.05
57.31
42.60
43.18
42.82
42.92
47.93
43.03
42.98
43.11
43.72
48.81
43.63
44.44
43.92
42.98
43.49
42.83
43.19
43.11
44.17
42.82
